911296202	186.9
873592	182.1
91762702	165.5
878796	158.9
89812	155.1
88299702	153.5
8910988	147.3
9012000	147.2
903516	144.4
8610862	143.7
926424	142.0
884948	138.9
911157302	138.1
895100	135.9
88995002	135.7
84358402	135.1
901288	134.8
91930402	134.7
89263202	134.7
881046502	134.7
88206102	134.4
908194	133.8
901088	133.8
9011494	133.7
846226	132.4
86208	132.4
926682	131.2
894618	131.1
916838	130.5
866674	130.4
849014	130.0
8811842	129.7
892438	129.5
8611792	129.1
884180	129.1
90312	128.9
88119002	128.0
854002	127.9
877486	127.5
89122	127.2
886226	126.5
857010	123.7
897630	122.9
842302	122.8
86135502	122.0
8911670	120.9
857392	120.3
9113538	119.0
894326	118.7
914062	118.4
8711202	117.4
9110732	117.3
8712766	116.1
91376702	114.6
881094802	114.5
888570	114.4
865128	114.2
881972	113.4
88330202	113.4
8860702	113.0
888264	111.0
852552	110.0
911916	109.8
879830	109.7
87281702	109.3
8912280	108.8
8711216	108.4
926954	108.3
8953902	106.9
9010872	106.6
86730502	106.2
869104	105.1
915452	104.7
8610404	104.1
915460	103.8
88725602	103.7
84610002	103.6
925622	103.4
886776	103.2
90602302	102.9
912600	102.8
845636	102.7
87164	102.5
907914	102.1
8670	101.7
87556202	100.4
862028	100.3
866458	99.58
914862	98.73
906564	98.22
8810436	98.17
9010018	98.0
9012568	97.65
88147102	97.45
857438	97.26
91594602	97.26
868826	96.85
84799002	96.73
905680	96.71
911384	96.45
858986	96.42
89143602	96.03
9110944	95.88
921386	95.81
861598	95.77
848406	94.74
921644	94.7
915664	94.66
861648	94.57
877500	94.49
862548	94.48
874858	94.37
915940	94.29
865432	94.28
911150	94.25
913102	94.21
86973702	93.97
854268	93.63
883270	92.55
88143502	92.51
911654	92.41
91504	92.33
9113156	92.25
87880	91.56
886452	91.43
925292	91.38
892214	91.22
875938	90.63
918192	90.31
84458202	90.2
89524	90.03
88249602	89.79
909220	89.78
909410	89.59
906878	89.46
8911834	88.99
917896	88.73
8812818	88.59
88411702	88.54
901028	88.52
855138	88.4
902976	88.37
9013594	88.27
8812816	87.88
91903902	87.76
912558	87.76
8510426	87.46
88350402	87.38
856106	87.32
863030	87.21
922576	87.19
8810158	87.02
857156	86.91
8911800	86.24
865468	86.1
893526	85.69
85638502	85.42
8711002	85.31
884626	84.95
922296	84.88
896864	84.52
917062	84.45
911320502	84.28
884448	84.13
8912284	84.08
897604	84.08
89344	84.07
914102	84.06
869224	83.74
8610908	83.19
891670	83.14
90401602	83.05
911408	82.89
893548	82.71
85922302	82.69
914366	82.69
908916	82.67
905190	82.63
9112594	82.61
857810	82.61
843786	82.57
875878	82.53
917080	82.51
924632	82.5
8910506	82.38
89382602	82.29
86408	82.15
9010258	81.92
9010598	81.87
891716	81.78
868202	81.72
88147202	81.35
924084	81.35
873586	81.29
89511502	81.25
87930	81.09
90769602	80.98
906024	80.88
911202	80.62
914580	80.45
892604	80.43
8712064	79.85
901034302	79.42
866714	79.08
863270	79.01
91813702	78.94
87139402	78.85
90250	78.75
869476	78.11
903554	78.07
853612	77.93
897374	77.88
9110720	77.61
9113846	77.42
894090	77.25
8612080	76.95
9113816	76.85
871122	76.84
9111596	76.83
898678	76.66
905686	76.39
911366	76.38
919812	76.37
91550	76.31
8911164	76.2
91858	75.89
857374	75.71
8810528	75.51
913512	75.49
906616	75.46
874662	75.27
89864002	75.03
9112366	74.87
883852	73.93
893988	73.73
869218	73.66
89296	73.59
85759902	73.34
9013838	73.3
868682	73.06
898690	73.02
905502	72.49
864018	72.48
8910748	72.23
897132	71.94
8911230	71.79
88199202	71.76
923780	71.49
91544002	71.25
906290	70.95
905520	70.92
87106	70.87
88203002	70.79
901836	70.67
904302	70.31
8910720	69.5
891936	69.14
864292	68.64
923748	68.51
869254	68.26
88466802	68.01
871642	67.49
894604	66.52
922840	65.85
90317302	65.75
924934	65.67
8812844	65.12
924964	64.73
872608	64.6
858970	64.55
897880	64.41
915276	64.12
862980	63.95
874158	63.76
879804	62.92
9112712	61.68
8910996	61.5
9113778	61.49
915186	61.49
9113514	61.06
8510824	60.34
882488	60.21
859464	60.11
917092	59.96
905978	59.6
925236	59.26
859196	59.2
924342	59.01
864726	58.74
89346	56.36
864496	55.84
871001502	53.27
85713702	51.71
921362	48.34
921092	47.98
862722	43.79
