8810703	188.5
899987	174.2
8611555	171.5
865423	166.2
86355	152.8
8712289	152.1
915143	152.1
926125	143.0
873593	142.7
9012795	141.3
9011971	140.9
927241	140.1
919555	137.8
91485	137.8
851509	137.2
88649001	133.6
887549	132.9
842517	132.9
883263	132.5
885429	130.7
871201	130.7
84300903	130.0
898431	129.9
855625	128.3
913505	128.1
9111805	127.7
8711803	126.3
8912049	126.2
857637	125.5
853401	124.8
90439701	124.4
908445	123.7
859575	123.6
866203	123.4
852781	122.1
86517	121.4
914769	121.3
8612399	121.1
916799	120.8
8610637	120.2
867739	120.2
844359	119.6
874217	118.6
90524101	117.8
9110127	117.5
877159	117.4
852631	116.0
8911163	115.2
877989	115.1
853201	115.0
859717	114.2
85382601	112.8
909445	112.4
89742801	111.8
889719	111.6
911296201	111.2
887181	110.2
854253	110.1
8712729	109.3
9012315	109.0
84862001	108.1
895633	107.5
899667	107.1
913535	107.1
854039	107.0
901303	106.3
896839	105.8
864877	105.7
905189	104.3
846381	103.7
8812877	102.6
8511133	102.5
852973	102.4
903507	102.4
867387	102.0
873701	101.2
861799	100.2
889403	100.0
873885	98.92
879523	98.78
864729	98.64
86973701	97.84
86409	97.83
905557	97.53
852763	97.41
859283	97.4
8915	97.03
925277	96.39
8712853	96.22
914333	96.12
857793	95.55
855133	95.54
8712291	95.5
908469	94.89
89869	94.87
86135501	94.25
89813	94.15
90291	93.97
911201	93.86
91979701	93.77
84667401	93.6
8810955	92.87
89382601	92.68
908489	91.12
8810987	90.96
859983	90.43
8910721	90.3
922297	89.77
903811	89.75
911673	88.97
91227	88.73
909231	88.68
915691	88.64
86561	88.44
90944601	88.37
869931	88.12
90401601	88.1
891923	88.06
862717	88.05
8610629	87.91
9013005	87.84
866083	87.76
844981	87.5
91813701	87.44
912519	87.32
857373	87.21
8910499	87.16
9113239	86.87
862009	86.6
8611161	86.49
9112085	86.34
855167	86.18
9113455	85.98
85715	85.98
9013579	85.89
87163	85.84
902727	85.79
8510653	85.63
9010877	85.48
881861	85.26
901041	85.24
9010259	85.09
861853	84.74
8813129	84.55
904689	84.18
9112367	84.1
84501001	83.97
871001501	83.51
9047	83.18
913063	82.85
894855	82.82
854941	82.61
875093	82.02
873357	82.01
8913	81.89
907915	81.47
859487	81.37
91505	81.25
875263	81.15
90251	80.64
8912521	79.83
861597	79.78
91544001	79.47
894089	79.19
8610175	79.19
869691	78.99
914101	78.83
874839	78.83
902975	78.78
883539	78.61
894335	78.6
877501	78.54
905501	78.41
9011495	78.31
912193	78.29
904969	78.29
8711003	78.27
91376701	78.18
857155	78.04
89511501	78.01
8912909	77.87
918465	77.83
86211	77.79
84348301	77.58
8811523	77.32
899147	77.23
862965	77.22
9111843	76.77
864685	76.53
904647	76.14
8711561	76.1
895299	76.09
891703	75.54
904357	75.26
91903901	75.21
863031	75.17
892189	75.0
857343	74.72
868223	74.72
874373	74.68
921385	74.65
925291	74.52
862485	74.34
893783	74.33
8912055	74.24
893061	74.23
906539	74.2
911685	73.99
911320501	73.88
884689	73.87
861103	73.81
8913049	73.72
899187	73.7
873843	73.53
903011	73.38
865137	73.34
88518501	73.28
901549	73.16
868871	73.0
916221	72.76
89143601	72.17
855563	71.9
859465	71.8
909411	71.73
89827	71.49
897137	71.38
91789	71.3
901011	71.24
919537	70.79
925311	70.67
90769601	70.47
911391	70.41
904971	70.39
871641	70.21
901315	70.15
8910251	69.28
923465	68.89
90745	68.79
87127	68.77
871149	68.69
907409	67.49
862989	67.41
892657	66.86
892399	66.85
909777	66.82
884437	66.72
88147101	66.62
898677	66.2
922577	65.31
8811779	65.05
8710441	63.78
907367	63.19
917897	63.0
864033	62.5
862261	62.11
907145	61.93
898143	61.64
868999	61.24
923169	61.05
875099	60.73
894329	60.07
901034301	59.82
905539	59.75
859471	58.79
859711	58.79
9010333	56.74
903483	55.27
858981	54.66
91805	54.53
872113	54.42
858477	54.34
894047	54.09
92751	47.92
