843584,R,27,20.29,14.34,135.1,1297,0.1003,0.1328,0.198,0.1043,0.1809,0.05883,0.7572,0.7813,5.438,94.44,0.01149,0.02461,0.05688,0.01885,0.01756,0.005115,22.54,16.67,152.2,1575,0.1374,0.205,0.4,0.1625,0.2364,0.07678,3.5,0
843786,R,77,12.75,15.29,84.6,502.7,0.1189,0.1569,0.1664,0.07666,0.1995,0.07164,0.3877,0.7402,2.999,30.85,0.007775,0.02987,0.04561,0.01357,0.01774,0.005114,15.51,20.37,107.3,733.2,0.1706,0.4196,0.5999,0.1709,0.3485,0.1179,2.5,0
844582,R,77,13.71,20.83,90.2,577.9,0.1189,0.1645,0.09366,0.05985,0.2196,0.07451,0.5835,1.377,3.856,50.96,0.008805,0.03029,0.02488,0.01448,0.01486,0.005412,17.06,28.14,110.6,897,0.1654,0.3682,0.2678,0.1556,0.3196,0.1151,4,10
847990,R,36,14.54,27.54,96.73,658.8,0.1139,0.1595,0.1639,0.07364,0.2303,0.07077,0.37,1.033,2.879,32.55,0.005607,0.0424,0.04741,0.0109,0.01857,0.005466,17.46,37.13,124.1,943.2,0.1678,0.6577,0.7026,0.1712,0.4218,0.1341,6,6
848620,R,10,16.13,20.68,108.1,798.8,0.117,0.2022,0.1722,0.1028,0.2164,0.07356,0.5692,1.073,3.854,54.18,0.007026,0.02501,0.03188,0.01297,0.01689,0.004142,20.96,31.48,136.8,1315,0.1789,0.4233,0.4784,0.2073,0.3706,0.1142,3,1
851509,R,10,21.16,23.04,137.2,1404,0.09428,0.1022,0.1097,0.08632,0.1769,0.05278,0.6917,1.127,4.303,93.99,0.004728,0.01259,0.01715,0.01038,0.01083,0.001987,29.17,35.59,188,2615,0.1401,0.26,0.3155,0.2009,0.2822,0.07526,4,1
855625,R,9,19.07,24.81,128.3,1104,0.09081,0.219,0.2107,0.09961,0.231,0.06343,0.9811,1.666,8.83,104.9,0.006548,0.1006,0.09723,0.02638,0.05333,0.007646,24.09,33.17,177.4,1651,0.1247,0.7444,0.7242,0.2493,0.467,0.1038,2.3,0
857010,R,8,18.65,17.6,123.7,1076,0.1099,0.1686,0.1974,0.1009,0.1907,0.06049,0.6289,0.6633,4.293,71.56,0.006294,0.03994,0.05554,0.01695,0.02428,0.003535,22.82,21.32,150.6,1567,0.1679,0.509,0.7345,0.2378,0.3799,0.09185,1.8,0
857438,R,48,15.1,22.02,97.26,712.8,0.09056,0.07081,0.05253,0.03334,0.1616,0.05684,0.3105,0.8339,2.097,29.91,0.004675,0.0103,0.01603,0.009222,0.01095,0.001629,18.1,31.69,117.7,1030,0.1389,0.2057,0.2712,0.153,0.2675,0.07873,2.5,0
857637,R,11,19.21,18.57,125.5,1152,0.1053,0.1267,0.1323,0.08994,0.1917,0.05961,0.7275,1.193,4.837,102.5,0.006458,0.02306,0.02945,0.01538,0.01852,0.002608,26.14,28.14,170.1,2145,0.1624,0.3511,0.3879,0.2091,0.3537,0.08294,3.2,13
858986,R,34,14.25,22.15,96.42,645.7,0.1049,0.2008,0.2135,0.08653,0.1949,0.07292,0.7036,1.268,5.373,60.78,0.009407,0.07056,0.06899,0.01848,0.017,0.006113,17.67,29.51,119.1,959.5,0.164,0.6247,0.6922,0.1785,0.2844,0.1132,1.5,0
859223,R,19,12.68,23.84,82.69,499,0.1122,0.1262,0.1128,0.06873,0.1905,0.0659,0.4255,1.178,2.927,36.46,0.007781,0.02648,0.02973,0.0129,0.01635,0.003601,17.09,33.47,111.8,888.3,0.1851,0.4061,0.4024,0.1716,0.3383,0.1031,1.2,1
859983,R,26,13.8,15.79,90.43,584.1,0.1007,0.128,0.07789,0.05069,0.1662,0.06566,0.2787,0.6205,1.957,23.35,0.004717,0.02065,0.01759,0.009206,0.0122,0.00313,16.57,20.86,110.3,812.4,0.1411,0.3542,0.2779,0.1383,0.2589,0.103,3,2
8611792,R,40,19.1,26.29,129.1,1132,0.1215,0.1791,0.1937,0.1469,0.1634,0.07224,0.519,2.91,5.801,67.1,0.007545,0.0605,0.02134,0.01843,0.03056,0.01039,20.33,32.72,141.3,1298,0.1392,0.2817,0.2432,0.1841,0.2311,0.09203,3,1
86208,R,10,20.77,22.83,137.4,1336,0.1033,0.1515,0.1637,0.1015,0.18,0.05641,0.7569,1.458,5.095,92.99,0.006852,0.04575,0.03694,0.01598,0.02958,0.004069,24.22,29.43,159.9,1816,0.1385,0.4107,0.3757,0.1881,0.3371,0.07651,4,2
865128,R,35,17.95,20.01,114.2,982,0.08402,0.06722,0.07293,0.05596,0.2129,0.05025,0.5506,1.214,3.357,54.04,0.004024,0.008422,0.02291,0.009863,0.05014,0.001902,20.58,27.83,129.2,1261,0.1072,0.1202,0.2249,0.1185,0.4882,0.06111,3,1
866203,R,73,19,18.91,123.4,1138,0.08217,0.08028,0.09271,0.05627,0.1946,0.05044,0.6896,1.342,5.216,81.23,0.004428,0.02731,0.0404,0.01361,0.0203,0.002686,22.32,25.73,148.2,1538,0.1021,0.2264,0.3207,0.1218,0.2841,0.06541,3.5,15
867739,R,7,20.29,21.49,132.8,1291,0.09258,0.1205,0.1523,0.08636,0.2356,0.05635,0.8309,1.14,5.459,115.5,0.004934,0.02833,0.04284,0.01587,0.03187,0.003273,26.51,28.07,171.6,2196,0.1225,0.3449,0.4509,0.1943,0.4416,0.07863,2.5,9
87112,R,44,17.68,20.74,117.4,963.7,0.1115,0.1665,0.1855,0.1054,0.1971,0.06166,0.8113,1.4,5.54,93.91,0.009037,0.04954,0.05206,0.01841,0.01778,0.004968,20.47,25.11,132.9,1302,0.1418,0.3498,0.3583,0.1515,0.2463,0.07738,9,7
871201,R,8,19.59,18.15,130.7,1214,0.112,0.1666,0.2508,0.1286,0.2027,0.06082,0.7364,1.048,4.792,97.07,0.004057,0.02277,0.04029,0.01303,0.01686,0.003318,26.73,26.39,174.9,2232,0.1438,0.3846,0.681,0.2247,0.3643,0.09223,3.5,0
873592,R,17,27.22,21.87,182.1,2250,0.1094,0.1914,0.2871,0.1878,0.18,0.0577,0.8361,1.481,5.82,128.7,0.004631,0.02537,0.03109,0.01241,0.01575,0.002747,33.12,32.85,220.8,3216,0.1472,0.4034,0.534,0.2688,0.2856,0.08082,4,4
875263,R,74,12.34,26.86,81.15,477.4,0.1034,0.1353,0.1085,0.04562,0.1943,0.06937,0.4053,1.809,2.642,34.44,0.009098,0.03845,0.03763,0.01321,0.01878,0.005672,15.65,39.34,101.7,768.9,0.1785,0.4706,0.4425,0.1459,0.3215,0.1205,1.2,4
879523,R,17,15.12,16.68,98.78,716.6,0.08876,0.09588,0.0755,0.04079,0.1594,0.05986,0.2711,0.3621,1.974,26.44,0.005472,0.01919,0.02039,0.00826,0.01523,0.002881,17.77,20.24,117.7,989.5,0.1491,0.3331,0.3327,0.1252,0.3415,0.0974,1.5,0
886490,R,19,19.55,28.77,133.6,1207,0.0926,0.2063,0.1784,0.1144,0.1893,0.06232,0.8426,1.199,7.158,106.4,0.006356,0.04765,0.03863,0.01519,0.01936,0.005252,25.05,36.27,178.6,1926,0.1281,0.5329,0.4251,0.1941,0.2818,0.1005,6,15
887549,R,39,20.31,27.06,132.9,1288,0.1,0.1088,0.1519,0.09333,0.1814,0.05572,0.3977,1.033,2.587,52.34,0.005043,0.01578,0.02117,0.008185,0.01282,0.001892,24.33,39.16,162.3,1844,0.1522,0.2945,0.3788,0.1697,0.3151,0.07999,1.8,1
888570,R,12,17.29,22.13,114.4,947.8,0.08999,0.1273,0.09697,0.07507,0.2108,0.05464,0.8348,1.633,6.146,90.94,0.006717,0.05981,0.04638,0.02149,0.02747,0.005838,20.39,27.24,137.9,1295,0.1134,0.2867,0.2298,0.1528,0.3067,0.07484,4,1
889719,R,37,17.19,22.07,111.6,928.3,0.09726,0.08995,0.09061,0.06527,0.1867,0.0558,0.4203,0.7383,2.819,45.42,0.004493,0.01206,0.02048,0.009875,0.01144,0.001575,21.58,29.33,140.5,1436,0.1558,0.2567,0.3889,0.1984,0.3216,0.0757,8.5,6
8910988,R,5,21.75,20.99,147.3,1491,0.09401,0.1961,0.2195,0.1088,0.1721,0.06194,1.167,1.352,8.867,156.8,0.005687,0.0496,0.06329,0.01561,0.01924,0.004614,28.19,28.18,195.9,2384,0.1272,0.4725,0.5807,0.1841,0.2833,0.08858,2.5,11
892438,R,58,19.53,18.9,129.5,1217,0.115,0.1642,0.2197,0.1062,0.1792,0.06552,1.111,1.161,7.237,133,0.006056,0.03203,0.05638,0.01733,0.01884,0.004787,25.93,26.24,171.1,2053,0.1495,0.4116,0.6121,0.198,0.2968,0.09929,2,0
89539,R,78,16.27,20.71,106.9,813.7,0.1169,0.1319,0.1478,0.08488,0.1948,0.06277,0.4375,1.232,3.27,44.41,0.006697,0.02083,0.03248,0.01392,0.01536,0.002789,19.28,30.38,129.8,1121,0.159,0.2947,0.3597,0.1583,0.3103,0.082,2.5,2
89812,R,24,23.51,24.27,155.1,1747,0.1069,0.1283,0.2308,0.141,0.1797,0.05506,1.009,0.9245,6.462,164.1,0.006292,0.01971,0.03582,0.01301,0.01479,0.003118,30.67,30.73,202.4,2906,0.1515,0.2678,0.4819,0.2089,0.2593,0.07738,3.5,4
898431,R,33,19.68,21.68,129.9,1194,0.09797,0.1339,0.1863,0.1103,0.2082,0.05715,0.6226,2.284,5.173,67.66,0.004756,0.03368,0.04345,0.01806,0.03756,0.003288,22.75,34.66,157.6,1540,0.1218,0.3458,0.4734,0.2255,0.4045,0.07918,1.5,13
899987,R,4,25.73,17.46,174.2,2010,0.1149,0.2363,0.3368,0.1913,0.1956,0.06121,0.9948,0.8509,7.222,153.1,0.006369,0.04243,0.04266,0.01508,0.02335,0.003385,33.13,23.58,229.3,3234,0.153,0.5937,0.6451,0.2756,0.369,0.08815,4.5,0
9010018,R,5,15.08,25.74,98,716.6,0.1024,0.09769,0.1235,0.06553,0.1647,0.06464,0.6534,1.506,4.174,63.37,0.01052,0.02431,0.04912,0.01746,0.0212,0.004867,18.51,33.22,121.2,1050,0.166,0.2356,0.4029,0.1526,0.2654,0.09438,2.6,0
9012000,R,2,22.01,21.9,147.2,1482,0.1063,0.1954,0.2448,0.1501,0.1824,0.0614,1.008,0.6999,7.561,130.2,0.003978,0.02821,0.03576,0.01471,0.01518,0.003796,27.66,25.8,195,2227,0.1294,0.3885,0.4756,0.2432,0.2741,0.08574,3,1
906023,R,49,15.5,21.08,102.9,803.1,0.112,0.1571,0.1522,0.08481,0.2085,0.06864,1.37,1.213,9.424,176.5,0.008198,0.03889,0.04493,0.02139,0.02018,0.005815,23.17,27.65,157.1,1748,0.1517,0.4002,0.4211,0.2134,0.3003,0.1048,0.4,0
908194,R,1,20.18,19.54,133.8,1250,0.1133,0.1489,0.2133,0.1259,0.1724,0.06053,0.4331,1.001,3.008,52.49,0.009087,0.02715,0.05546,0.0191,0.02451,0.004005,22.03,25.07,146,1479,0.1665,0.2942,0.5308,0.2173,0.3032,0.08075,4.5,27
908489,R,9,13.98,19.62,91.12,599.5,0.106,0.1133,0.1126,0.06463,0.1669,0.06544,0.2208,0.9533,1.602,18.85,0.005314,0.01791,0.02185,0.009567,0.01223,0.002846,17.04,30.8,113.9,869.3,0.1613,0.3568,0.4069,0.1827,0.3179,0.1055,3.5,4
9110732,R,16,17.75,28.03,117.3,981.6,0.09997,0.1314,0.1698,0.08293,0.1713,0.05916,0.3897,1.077,2.873,43.95,0.004714,0.02015,0.03697,0.0111,0.01237,0.002556,21.53,38.54,145.4,1437,0.1401,0.3762,0.6399,0.197,0.2972,0.09075,1.5,7
9111805,R,9,19.59,25,127.7,1191,0.1032,0.09871,0.1655,0.09063,0.1663,0.05391,0.4674,1.375,2.916,56.18,0.0119,0.01929,0.04907,0.01499,0.01641,0.001807,21.44,30.96,139.8,1421,0.1528,0.1845,0.3977,0.1466,0.2293,0.06091,2,7
913505,R,14,19.44,18.82,128.1,1167,0.1089,0.1448,0.2256,0.1194,0.1823,0.06115,0.5659,1.408,3.631,67.74,0.005288,0.02833,0.04256,0.01176,0.01717,0.003211,23.96,30.39,153.9,1740,0.1514,0.3725,0.5936,0.206,0.3266,0.09009,7,9
914062,R,12,18.01,20.56,118.4,1007,0.1001,0.1289,0.117,0.07762,0.2116,0.06077,0.7548,1.288,5.353,89.74,0.007997,0.027,0.03737,0.01648,0.02897,0.003996,21.53,26.06,143.4,1426,0.1309,0.2327,0.2544,0.1489,0.3251,0.07625,3.5,2
91485,R,11,20.59,21.24,137.8,1320,0.1085,0.1644,0.2188,0.1121,0.1848,0.06222,0.5904,1.216,4.206,75.09,0.006666,0.02791,0.04062,0.01479,0.01117,0.003727,23.86,30.76,163.2,1760,0.1464,0.3597,0.5179,0.2113,0.248,0.08999,5.5,20
915143,R,7,24.24,18.74,159.6,1945,0.08938,0.1136,0.1727,0.1071,0.1591,0.05175,1.73,0.8535,11.56,316,0.005137,0.01279,0.02353,0.01508,0.01615,0.002252,35.13,23.36,232.2,3903,0.1154,0.1772,0.2917,0.1795,0.2336,0.06259,3,4
929684,R,14,17.53,25.28,114,966.6,0.09278,0.09175,0.1105,0.06741,0.1424,0.05563,0.4587,1.318,3.032,52.27,0.00454,0.01312,0.0172,0.007299,0.009783,0.001526,21.75,40.14,142.6,1483,0.1287,0.2472,0.2753,0.1372,0.2404,0.07156,10,9
931652,R,1,18.11,30.99,115.8,984.4,0.08625,0.0924,0.06214,0.05598,0.1603,0.05468,0.4236,1.176,2.189,36.01,0.004733,0.01621,0.02044,0.01142,0.01411,0.002098,21.05,38.93,128,1214,0.1194,0.2088,0.2385,0.1333,0.2652,0.07006,2.7,4
947204,R,3,21.42,22.84,145,1440,0.107,0.1939,0.238,0.1318,0.1884,0.06472,1.085,0.8469,8.308,142.5,0.006831,0.03541,0.04948,0.0177,0.01481,0.003979,28.34,27.98,198.3,2375,0.1498,0.4379,0.5411,0.2215,0.2832,0.08981,3,?
